18664840001
18664840002
18664840003
18664840004
18664840005
18664840006
18664840007
18664840008
18664840009
18664840010
18664840011
18664840012
18664840013
18664840014
18664840015
18664840016
18664840017
18664840018
18664840019
18664840020
18664840021
18664840022
18664840023
18664840024
18664840025
18664840026
18664840027
18664840028
18664840029
18664840030
18664840031
18664840032
18664840033
18664840034
18664840035
18664840036
18664840037
18664840038
18664840039
18664840040
18664840041
18664840042
18664840043
18664840044
18664840045
18664840046
18664840047
18664840048
18664840049
18664840050
18664840051
18664840052
18664840053
18664840054
18664840055
18664840056
18664840057
18664840058
18664840059
18664840060
18664840061
18664840062
18664840063
18664840064
18664840065
18664840066
18664840067
18664840068
18664840069
18664840070
18664840071
18664840072
18664840073
18664840074
18664840075
18664840076
18664840077
18664840078
18664840079
18664840080